1.050000000000000100e-01 2.680459861663671006e+00
1.060101010101010266e-01 2.677879895054017467e+00
1.070202020202020293e-01 2.675300161751019257e+00
1.080303030303030459e-01 2.672720907286637804e+00
1.090404040404040487e-01 2.670142377192831429e+00
1.100505050505050653e-01 2.667564817001563338e+00
1.110606060606060680e-01 2.664988472244794071e+00
1.120707070707070846e-01 2.662413588454485502e+00
1.130808080808080873e-01 2.659840411162596396e+00
1.140909090909091039e-01 2.657269185901089958e+00
1.151010101010101067e-01 2.654700158201927174e+00
1.161111111111111233e-01 2.652133573597068583e+00
1.171212121212121260e-01 2.649569677618475616e+00
1.181313131313131426e-01 2.647008715798109701e+00
1.191414141414141592e-01 2.644450933667930492e+00
1.201515151515151619e-01 2.641896576759900306e+00
1.211616161616161647e-01 2.639345890605980127e+00
1.221717171717171813e-01 2.636799120738132274e+00
1.231818181818181979e-01 2.634256512688315066e+00
1.241919191919192006e-01 2.631718311988490822e+00
1.252020202020202033e-01 2.629184764170621413e+00
1.262121212121212199e-01 2.626656114766666938e+00
1.272222222222222365e-01 2.624132609308590158e+00
1.282323232323232531e-01 2.621614489176879559e+00
1.292424242424242420e-01 2.619101872193493996e+00
1.302525252525252586e-01 2.616594734662434529e+00
1.312626262626262752e-01 2.614093045123606629e+00
1.322727272727272918e-01 2.611596772116909104e+00
1.332828282828282807e-01 2.609105884182247426e+00
1.342929292929292973e-01 2.606620349859523067e+00
1.353030303030303139e-01 2.604140137688636614e+00
1.363131313131313305e-01 2.601665216209491316e+00
1.373232323232323471e-01 2.599195553961990424e+00
1.383333333333333359e-01 2.596731119486034522e+00
1.393434343434343525e-01 2.594271881321525086e+00
1.403535353535353691e-01 2.591817808008365809e+00
1.413636363636363580e-01 2.589368868086459496e+00
1.423737373737373746e-01 2.586925030095705846e+00
1.433838383838383912e-01 2.584486262576009441e+00
1.443939393939394078e-01 2.582052534067272198e+00
1.454040404040404244e-01 2.579623813109393815e+00
1.464141414141414410e-01 2.577200068242280206e+00
1.474242424242424299e-01 2.574781268005829737e+00
1.484343434343434465e-01 2.572367380939946546e+00
1.494444444444444631e-01 2.569958375584533439e+00
1.504545454545454519e-01 2.567554220479491889e+00
1.514646464646464685e-01 2.565154884164722926e+00
1.524747474747474851e-01 2.562760335180131577e+00
1.534848484848485017e-01 2.560370542065617094e+00
1.544949494949495183e-01 2.557985473375760321e+00
1.555050505050505072e-01 2.555605104091148050e+00
1.565151515151515238e-01 2.553229425658199769e+00
1.575252525252525404e-01 2.550858432123539021e+00
1.585353535353535293e-01 2.548492117533792456e+00
1.595454545454545459e-01 2.546130475935582282e+00
1.605555555555555625e-01 2.543773501375533819e+00
1.615656565656565791e-01 2.541421187900272827e+00
1.625757575757575957e-01 2.539073529556421516e+00
1.635858585858586123e-01 2.536730520390605648e+00
1.645959595959596011e-01 2.534392154449449208e+00
1.656060606060606177e-01 2.532058425779576627e+00
1.666161616161616343e-01 2.529729328427611890e+00
1.676262626262626232e-01 2.527404856440180758e+00
1.686363636363636398e-01 2.525085003863906330e+00
1.696464646464646564e-01 2.522769764745413923e+00
1.706565656565656730e-01 2.520459133131325746e+00
1.716666666666666896e-01 2.518153103068268894e+00
1.726767676767677062e-01 2.515851668602867353e+00
1.736868686868686951e-01 2.513554823781745107e+00
1.746969696969697117e-01 2.511262562651525698e+00
1.757070707070707005e-01 2.508974879258834889e+00
1.767171717171717171e-01 2.506691767650296221e+00
1.777272727272727337e-01 2.504413221872534123e+00
1.787373737373737503e-01 2.502139235972173914e+00
1.797474747474747669e-01 2.499869803995838691e+00
1.807575757575757835e-01 2.497604919990154215e+00
1.817676767676767724e-01 2.495344577451928281e+00
1.827777777777777890e-01 2.493088766454447658e+00
1.837878787878787779e-01 2.490837475755483865e+00
1.847979797979797945e-01 2.488590694110083046e+00
1.858080808080808111e-01 2.486348410273290455e+00
1.868181818181818277e-01 2.484110613000152235e+00
1.878282828282828443e-01 2.481877291045710976e+00
1.888383838383838609e-01 2.479648433165013266e+00
1.898484848484848775e-01 2.477424028113103915e+00
1.908585858585858663e-01 2.475204064645029511e+00
1.918686868686868829e-01 2.472988531515831756e+00
1.928787878787878718e-01 2.470777417480557236e+00
1.938888888888888884e-01 2.468570711294252984e+00
1.948989898989899050e-01 2.466368401711960701e+00
1.959090909090909216e-01 2.464170477488727862e+00
1.969191919191919382e-01 2.461976927379598390e+00
1.979292929292929548e-01 2.459787740139617540e+00
1.989393939393939437e-01 2.457602904523830123e+00
1.999494949494949603e-01 2.455422409287282282e+00
2.009595959595959491e-01 2.453246243185017939e+00
2.019696969696969657e-01 2.451074394972083681e+00
2.029797979797979823e-01 2.448906853403521655e+00
2.039898989898989989e-01 2.446743607234379336e+00
2.050000000000000155e-01 2.444584645219700647e+00
