1.050000000000000100e-01 1.679563755451226726e+19
1.060101010101010266e-01 1.748315931678341120e+19
1.070202020202020293e-01 1.815640618160406938e+19
1.080303030303030459e-01 1.881554456251025408e+19
1.090404040404040487e-01 1.946074087303796326e+19
1.100505050505050653e-01 2.009216152672278938e+19
1.110606060606060680e-01 2.070997293710085734e+19
1.120707070707070846e-01 2.131434151770776781e+19
1.130808080808080873e-01 2.190543368207964979e+19
1.140909090909091039e-01 2.248341584375209165e+19
1.151010101010101067e-01 2.304845441626123059e+19
1.161111111111111233e-01 2.360071581314266726e+19
1.171212121212121260e-01 2.414036644793250202e+19
1.181313131313131426e-01 2.466757273416636826e+19
1.191414141414141592e-01 2.518250108538035405e+19
1.201515151515151619e-01 2.568531791511010918e+19
1.211616161616161647e-01 2.617618963689170534e+19
1.221717171717171813e-01 2.665528266426078413e+19
1.231818181818181979e-01 2.712276341075331891e+19
1.241919191919192006e-01 2.757879828990527898e+19
1.252020202020202033e-01 2.802355371525231821e+19
1.262121212121212199e-01 2.845719610033050829e+19
1.272222222222222365e-01 2.887989185867549901e+19
1.282323232323232531e-01 2.929180740382335795e+19
1.292424242424242420e-01 2.969310914930975130e+19
1.302525252525252586e-01 3.008396350867072205e+19
1.312626262626262752e-01 3.046453689544197734e+19
1.322727272727272918e-01 3.083499572315951104e+19
1.332828282828282807e-01 3.119550640535905075e+19
1.342929292929292973e-01 3.154623535557661491e+19
1.353030303030303139e-01 3.188734898734790246e+19
1.363131313131313305e-01 3.221901371420892365e+19
1.373232323232323471e-01 3.254139594969541018e+19
1.383333333333333359e-01 3.285466210734328218e+19
1.393434343434343525e-01 3.315897860068847616e+19
1.403535353535353691e-01 3.345451184326677709e+19
1.413636363636363580e-01 3.374142824861399450e+19
1.423737373737373746e-01 3.401989423026605670e+19
1.433838383838383912e-01 3.429007620175886746e+19
1.443939393939394078e-01 3.455214057662819533e+19
1.454040404040404244e-01 3.480625376840999731e+19
1.464141414141414410e-01 3.505258219064002970e+19
1.474242424242424299e-01 3.529129225685426176e+19
1.484343434343434465e-01 3.552255038058847027e+19
1.494444444444444631e-01 3.574652297537857536e+19
1.504545454545454519e-01 3.596337645476038656e+19
1.514646464646464685e-01 3.617327723226983629e+19
1.524747474747474851e-01 3.637639172144268902e+19
1.534848484848485017e-01 3.657288633581492224e+19
1.544949494949495183e-01 3.676292748892229632e+19
1.555050505050505072e-01 3.694668159430074368e+19
1.565151515151515238e-01 3.712431506548606566e+19
1.575252525252525404e-01 3.729599431601417421e+19
1.585353535353535293e-01 3.746188575942092390e+19
1.595454545454545459e-01 3.762215580924216115e+19
1.605555555555555625e-01 3.777697087901378150e+19
1.615656565656565791e-01 3.792649738227157402e+19
1.625757575757575957e-01 3.807090173255149978e+19
1.635858585858586123e-01 3.821034371730309120e+19
1.645959595959596011e-01 3.834494496729919488e+19
1.656060606060606177e-01 3.847481348295494042e+19
1.666161616161616343e-01 3.860005724766471782e+19
1.676262626262626232e-01 3.872078424482282701e+19
1.686363636363636398e-01 3.883710245782368256e+19
1.696464646464646564e-01 3.894911987006156800e+19
1.706565656565656730e-01 3.905694446493088973e+19
1.716666666666666896e-01 3.916068422582596403e+19
1.726767676767677062e-01 3.926044713614118912e+19
1.736868686868686951e-01 3.935634117927084851e+19
1.746969696969697117e-01 3.944847433860934861e+19
1.757070707070707005e-01 3.953695459755101389e+19
1.767171717171717171e-01 3.962188993949020979e+19
1.777272727272727337e-01 3.970338834782129357e+19
1.787373737373737503e-01 3.978155780593858150e+19
1.797474747474747669e-01 3.985650629723648000e+19
1.807575757575757835e-01 3.992834180510928896e+19
1.817676767676767724e-01 3.999717231295139021e+19
1.827777777777777890e-01 4.006310580415712461e+19
1.837878787878787779e-01 4.012625026212084941e+19
1.847979797979797945e-01 4.018671367023691366e+19
1.858080808080808111e-01 4.024460401189967462e+19
1.868181818181818277e-01 4.030002927050345677e+19
1.878282828282828443e-01 4.035309742944265011e+19
1.888383838383838609e-01 4.040391647211157914e+19
1.898484848484848775e-01 4.045259438190460928e+19
1.908585858585858663e-01 4.049923914221607322e+19
1.918686868686868829e-01 4.054395835658285056e+19
1.928787878787878718e-01 4.058683435571547341e+19
1.938888888888888884e-01 4.062790879983819981e+19
1.948989898989899050e-01 4.066721966955253760e+19
1.959090909090909216e-01 4.070480494545998643e+19
1.969191919191919382e-01 4.074070260816207053e+19
1.979292929292929548e-01 4.077495063826027315e+19
1.989393939393939437e-01 4.080758701635611853e+19
1.999494949494949603e-01 4.083864972305109811e+19
2.009595959595959491e-01 4.086817673894673613e+19
2.019696969696969657e-01 4.089620604464451584e+19
2.029797979797979823e-01 4.092277562074596966e+19
2.039898989898989989e-01 4.094792344785259725e+19
2.050000000000000155e-01 4.097168750656589005e+19
