# [rho_tor]  [n_NB m^-3]
0.01000 8337081184241079296.00000
0.02815 8706610871027575808.00000
0.04630 8107656414354269184.00000
0.06444 7876906357821145088.00000
0.08259 7642271002844831744.00000
0.10074 7167744090617818112.00000
0.11889 6958546070278905856.00000
0.13704 6463539158777411584.00000
0.15519 6251885841585694720.00000
0.17333 6001762181928506368.00000
0.19148 5471501616589489152.00000
0.20963 5139347892781115392.00000
0.22778 4601974712654847488.00000
0.24593 4326733653579951104.00000
0.26407 3979707748084470784.00000
0.28222 3758055288398156800.00000
0.30037 3572658157313994240.00000
0.31852 3314624267620461056.00000
0.33667 3136108254436824576.00000
0.35481 2815284742417375232.00000
0.37296 2705283107994974208.00000
0.39111 2643853924819953152.00000
0.40926 2419358477979760128.00000
0.42741 2398142550602459648.00000
0.44556 2263158336669856256.00000
0.46370 2107717168984820480.00000
0.48185 2014209475186656768.00000
0.50000 2002668841449797120.00000
0.51815 1966095769939406336.00000
0.53630 1916254822138746880.00000
0.55444 1924191426523742976.00000
0.57259 1839356216706759680.00000
0.59074 1730676899374441472.00000
0.60889 1750737039892240384.00000
0.62704 1620567866400806144.00000
0.64519 1628337679440732416.00000
0.66333 1566225239251188480.00000
0.68148 1511365761404998400.00000
0.69963 1468855577464734208.00000
0.71778 1405189854982108416.00000
0.73593 1374119589701088512.00000
0.75407 1306173476049606912.00000
0.77222 1251260184382361600.00000
0.79037 1168725402345594112.00000
0.80852 1129060414607224576.00000
0.82667 1107827759878824192.00000
0.84481 1027490688203355008.00000
0.86296 979099971647158784.00000
0.88111 926759733442321152.00000
0.89926 900622799819880192.00000
0.91741 871937745494680192.00000
0.93556 842488508881184768.00000
0.95370 797034635454202112.00000
0.97185 748458676901542528.00000
0.99000 472239717209102912.00000
