1.495972136000000008e+00
1.554965944999999961e+00
1.609686683000000063e+00
1.662753777000000044e+00
1.712024250000000025e+00
1.756307507999999906e+00
1.796857323000000006e+00
1.829308625999999993e+00
1.856664582999999924e+00
1.876197517999999897e+00
1.891958046999999921e+00
1.901281773000000008e+00
1.905408269000000043e+00
1.906586182999999934e+00
1.903719857000000015e+00
1.897720658999999976e+00
1.890320393000000099e+00
1.881518586999999965e+00
1.872159184999999892e+00
1.863298308000000070e+00
1.855777639999999895e+00
1.850394931000000076e+00
1.846914755000000019e+00
1.846176204999999904e+00
1.848102962000000016e+00
1.853059108000000066e+00
1.860949916000000037e+00
1.871174225999999940e+00
1.884296889999999891e+00
1.900161591999999899e+00
1.918913035000000100e+00
1.940453785000000098e+00
1.964785119000000080e+00
1.991995560999999970e+00
2.022153664999999823e+00
2.055487614000000018e+00
2.092003932999999982e+00
2.132027070999999996e+00
2.175766891999999952e+00
2.223085973999999965e+00
2.274502411999999918e+00
2.330284330000000015e+00
2.391057131999999807e+00
2.457222386999999841e+00
2.528790316999999899e+00
2.606011780999999861e+00
2.690571111000000126e+00
2.782597374999999928e+00
2.882598381999999848e+00
2.991254140000000117e+00
3.109876136000000013e+00
3.241160975000000111e+00
3.384098864999999901e+00
3.542030023000000138e+00
3.715618917000000021e+00
3.908163881000000117e+00
4.117851225999999976e+00
4.348569651000000036e+00
4.600757852000000092e+00
4.873873711999999969e+00
5.167757283000000257e+00
5.479620989999999914e+00
5.835865880000000061e+00
6.244868265000000029e+00
7.869125261999999843e+00
