1.016000000000000014e+00 0.000000000000000000e+00 0.000000000000000000e+00
1.016000000000000014e+00 9.639999999999999680e-01 0.000000000000000000e+00
1.016000000000000014e+00 9.679999999999999716e-01 0.000000000000000000e+00
1.016000000000000014e+00 1.000999999999999890e+00 0.000000000000000000e+00
1.016000000000000014e+00 1.018999999999999906e+00 0.000000000000000000e+00
1.016000000000000014e+00 1.076999999999999957e+00 0.000000000000000000e+00
1.016000000000000014e+00 1.070000000000000062e+00 0.000000000000000000e+00
1.016000000000000014e+00 1.096000000000000085e+00 0.000000000000000000e+00
1.016000000000000014e+00 1.112999999999999989e+00 0.000000000000000000e+00
1.016000000000000014e+00 1.137999999999999901e+00 0.000000000000000000e+00
1.016000000000000014e+00 1.147000000000000020e+00 0.000000000000000000e+00
1.012000000000000011e+00 1.165000000000000036e+00 0.000000000000000000e+00
1.000999999999999890e+00 1.217000000000000082e+00 0.000000000000000000e+00
1.028999999999999915e+00 1.217000000000000082e+00 0.000000000000000000e+00
1.042000000000000037e+00 1.162400000000000100e+00 0.000000000000000000e+00
1.046000000000000041e+00 1.162379999999999969e+00 0.000000000000000000e+00
1.056000000000000050e+00 1.162600000000000078e+00 0.000000000000000000e+00
1.096999999999999975e+00 1.164500000000000091e+00 0.000000000000000000e+00
1.108000000000000096e+00 1.165939999999999976e+00 0.000000000000000000e+00
1.116000000000000103e+00 1.165910000000000002e+00 0.000000000000000000e+00
1.133999999999999897e+00 1.168959999999999999e+00 0.000000000000000000e+00
1.147999999999999909e+00 1.171750000000000069e+00 0.000000000000000000e+00
1.161999999999999922e+00 1.175559999999999938e+00 0.000000000000000000e+00
1.181000000000000050e+00 1.183000000000000052e+00 0.000000000000000000e+00
1.181999999999999940e+00 1.183499999999999996e+00 0.000000000000000000e+00
1.185000000000000053e+00 1.185000000000000053e+00 0.000000000000000000e+00
1.189999999999999947e+00 1.187999999999999945e+00 0.000000000000000000e+00
1.195000000000000062e+00 1.191000000000000059e+00 0.000000000000000000e+00
1.201000000000000068e+00 1.195999999999999952e+00 0.000000000000000000e+00
1.209000000000000075e+00 1.201999999999999957e+00 0.000000000000000000e+00
1.215000000000000080e+00 1.207999999999999963e+00 0.000000000000000000e+00
1.221999999999999975e+00 1.213999999999999968e+00 0.000000000000000000e+00
1.227999999999999980e+00 1.221000000000000085e+00 0.000000000000000000e+00
1.233999999999999986e+00 1.231000000000000094e+00 0.000000000000000000e+00
1.239000000000000101e+00 1.237999999999999989e+00 0.000000000000000000e+00
1.241999999999999993e+00 1.243999999999999995e+00 0.000000000000000000e+00
1.247999999999999998e+00 1.254000000000000004e+00 0.000000000000000000e+00
1.258000000000000007e+00 1.278000000000000025e+00 0.000000000000000000e+00
1.262999999999999901e+00 1.290000000000000036e+00 0.000000000000000000e+00
1.280000000000000027e+00 1.330999999999999961e+00 0.000000000000000000e+00
1.280000000000000027e+00 1.346999999999999975e+00 0.000000000000000000e+00
1.280000000000000027e+00 1.348000000000000087e+00 0.000000000000000000e+00
1.310000000000000053e+00 1.348000000000000087e+00 0.000000000000000000e+00
1.328000000000000069e+00 1.348000000000000087e+00 0.000000000000000000e+00
1.360999999999999988e+00 1.348000000000000087e+00 0.000000000000000000e+00
1.379999999999999893e+00 1.348000000000000087e+00 0.000000000000000000e+00
1.419000000000000039e+00 1.348000000000000087e+00 0.000000000000000000e+00
1.419000000000000039e+00 1.310000000000000053e+00 0.000000000000000000e+00
1.372000000000000108e+00 1.310000000000000053e+00 0.000000000000000000e+00
1.372000000000000108e+00 1.292000000000000037e+00 0.000000000000000000e+00
1.608000000000000096e+00 1.094999999999999973e+00 0.000000000000000000e+00
1.647000000000000020e+00 1.076999999999999957e+00 0.000000000000000000e+00
1.784999999999999920e+00 1.076999999999999957e+00 0.000000000000000000e+00
2.069999999999999840e+00 1.040000000000000036e+00 0.000000000000000000e+00
2.128000000000000114e+00 9.929999999999999938e-01 0.000000000000000000e+00
2.245000000000000107e+00 7.089999999999999636e-01 0.000000000000000000e+00
2.322999999999999954e+00 5.190000000000000169e-01 0.000000000000000000e+00
2.376999999999999780e+00 3.890000000000000124e-01 0.000000000000000000e+00
2.362499999999999822e+00 4.000000000000000222e-01 0.000000000000000000e+00
2.364434999999999842e+00 2.220000000000000029e-01 0.000000000000000000e+00
2.364968999999999877e+00 1.330000000000000071e-01 0.000000000000000000e+00
2.365324000000000204e+00 4.399999999999999745e-02 0.000000000000000000e+00
2.365120999999999807e+00 -4.399999999999999745e-02 0.000000000000000000e+00
2.364841999999999889e+00 -1.330000000000000071e-01 0.000000000000000000e+00
2.364333999999999936e+00 -2.220000000000000029e-01 0.000000000000000000e+00
2.362499999999999822e+00 -4.000000000000000222e-01 0.000000000000000000e+00
2.376999999999999780e+00 -3.890000000000000124e-01 0.000000000000000000e+00
2.133999999999999897e+00 -9.729999999999999760e-01 0.000000000000000000e+00
1.786000000000000032e+00 -1.173999999999999932e+00 0.000000000000000000e+00
1.768000000000000016e+00 -1.211000000000000076e+00 0.000000000000000000e+00
1.768000000000000016e+00 -1.250000000000000000e+00 0.000000000000000000e+00
1.681999999999999940e+00 -1.250000000000000000e+00 0.000000000000000000e+00
1.372000000000000108e+00 -1.250000000000000000e+00 0.000000000000000000e+00
1.372000000000000108e+00 -1.328999999999999959e+00 0.000000000000000000e+00
1.419999999999999929e+00 -1.328999999999999959e+00 0.000000000000000000e+00
1.419999999999999929e+00 -1.362999999999999989e+00 0.000000000000000000e+00
1.272999999999999909e+00 -1.362999999999999989e+00 0.000000000000000000e+00
1.153000000000000025e+00 -1.362999999999999989e+00 0.000000000000000000e+00
1.016000000000000014e+00 -1.223000000000000087e+00 0.000000000000000000e+00
1.016000000000000014e+00 -1.223000000000000087e+00 0.000000000000000000e+00
1.016000000000000014e+00 -8.299999999999999600e-01 0.000000000000000000e+00
1.016000000000000014e+00 -8.000000000000000444e-01 0.000000000000000000e+00
1.016000000000000014e+00 -4.149999999999999800e-01 0.000000000000000000e+00
1.016000000000000014e+00 -4.000000000000000222e-01 0.000000000000000000e+00
1.016000000000000014e+00 -1.000000000000000021e-03 0.000000000000000000e+00
1.016000000000000014e+00 0.000000000000000000e+00 0.000000000000000000e+00
